Escenario: 0 
Latitudes:
44.000000
42.000000
39.000000
36.000000
32.000000
27.000000
23.000000
21.000000
17.000000
15.000000
11.000000
11.000000
17.000000
25.000000
34.000000
40.000000
43.000000
44.000000
44.000000
44.000000
Longitudes:
-50.000000
-57.000000
-62.000000
-67.000000
-69.000000
-68.000000
-63.000000
-57.000000
-52.000000
-46.000000
-40.000000
-32.000000
-28.000000
-25.000000
-21.000000
-28.000000
-36.000000
-43.000000
-45.000000
-46.000000

Escenario: 1 
Latitudes:
0.000000
0.000000
0.000000
0.000000
0.000000
0.000000
0.000000
0.000000
0.000000
0.000000
0.000000
0.000000
0.000000
0.000000
0.000000
0.000000
0.000000
0.000000
0.000000
0.000000
Longitudes:
0.000000
0.000000
0.000000
0.000000
0.000000
0.000000
0.000000
0.000000
0.000000
0.000000
0.000000
0.000000
0.000000
0.000000
0.000000
0.000000
0.000000
0.000000
0.000000
0.000000

Escenario: 4 
Latitudes:
0.000000
0.000000
0.000000
0.000000
0.000000
0.000000
0.000000
0.000000
0.000000
0.000000
0.000000
0.000000
0.000000
0.000000
0.000000
0.000000
0.000000
0.000000
0.000000
0.000000
Longitudes:
0.000000
0.000000
0.000000
0.000000
0.000000
0.000000
0.000000
0.000000
0.000000
0.000000
0.000000
0.000000
0.000000
0.000000
0.000000
0.000000
0.000000
0.000000
0.000000
0.000000

Escenario: 5 
Latitudes:
0.000000
0.000000
0.000000
0.000000
0.000000
0.000000
0.000000
0.000000
0.000000
0.000000
0.000000
0.000000
0.000000
0.000000
0.000000
0.000000
0.000000
0.000000
0.000000
0.000000
Longitudes:
0.000000
0.000000
0.000000
0.000000
0.000000
0.000000
0.000000
0.000000
0.000000
0.000000
0.000000
0.000000
0.000000
0.000000
0.000000
0.000000
0.000000
0.000000
0.000000
0.000000

